g/h n m 1900.0 1905.0 1910.0 1915.0 1920.0 1925.0 1930.0 1935.0 1940.0 1945.0 1950.0 1955.0 1960.0 1965.0 1970.0 1975.0 1980.0 1985.0 1990.0 1995.0   2000.0    2005.0    2010.0    2015.0   2020.0 2025.0
g  1  0 -31543 -31464 -31354 -31212 -31060 -30926 -30805 -30715 -30654 -30594 -30554 -30500 -30421 -30334 -30220 -30100 -29992 -29873 -29775 -29692 -29619.4 -29554.63 -29496.57 -29441.46 -29404.8     5.7 
g  1  1  -2298  -2298  -2297  -2306  -2317  -2318  -2316  -2306  -2292  -2285  -2250  -2215  -2169  -2119  -2068  -2013  -1956  -1905  -1848  -1784  -1728.2  -1669.05  -1586.42  -1501.77  -1450.9     7.4 
h  1  1   5922   5909   5898   5875   5845   5817   5808   5812   5821   5810   5815   5820   5791   5776   5737   5675   5604   5500   5406   5306   5186.1   5077.99   4944.26   4795.99   4652.5   -25.9 
g  2  0   -677   -728   -769   -802   -839   -893   -951  -1018  -1106  -1244  -1341  -1440  -1555  -1662  -1781  -1902  -1997  -2072  -2131  -2200  -2267.7  -2337.24  -2396.06  -2445.88  -2499.6   -11.0 
g  2  1   2905   2928   2948   2956   2959   2969   2980   2984   2981   2990   2998   3003   3002   2997   3000   3010   3027   3044   3059   3070   3068.4   3047.69   3026.34   3012.20   2982.0    -7.0 
h  2  1  -1061  -1086  -1128  -1191  -1259  -1334  -1424  -1520  -1614  -1702  -1810  -1898  -1967  -2016  -2047  -2067  -2129  -2197  -2279  -2366  -2481.6  -2594.50  -2708.54  -2845.41  -2991.6   -30.2 
g  2  2    924   1041   1176   1309   1407   1471   1517   1550   1566   1578   1576   1581   1590   1594   1611   1632   1663   1687   1686   1681   1670.9   1657.76   1668.17   1676.35   1677.0    -2.1 
h  2  2   1121   1065   1000    917    823    728    644    586    528    477    381    291    206    114     25    -68   -200   -306   -373   -413   -458.0   -515.43   -575.73   -642.17   -734.6   -22.4 
g  3  0   1022   1037   1058   1084   1111   1140   1172   1206   1240   1282   1297   1302   1302   1297   1287   1276   1281   1296   1314   1335   1339.6   1336.30   1339.85   1350.33   1363.2     2.2 
g  3  1  -1469  -1494  -1524  -1559  -1600  -1645  -1692  -1740  -1790  -1834  -1889  -1944  -1992  -2038  -2091  -2144  -2180  -2208  -2239  -2267  -2288.0  -2305.83  -2326.54  -2352.26  -2381.2    -5.9 
h  3  1   -330   -357   -389   -421   -445   -462   -480   -494   -499   -499   -476   -462   -414   -404   -366   -333   -336   -310   -284   -262   -227.6   -198.86   -160.40   -115.29    -82.1     6.0 
